{
  "height": 32,
  "width": 100,
  "x": 189.3000030517578,
  "y": 547.1000366210938
}